15 15
000 340 340 340 000 000 000 000 000 850 850 850 850 850 850
000 340 340 340 000 000 000 000 000 000 000 000 850 850 850
000 340 340 000 450 450 450 000 840 840 840 840 000 850 850
000 340 340 000 450 450 450 000 840 840 840 840 000 850 850
000 000 000 000 000 450 450 000 840 000 840 840 000 000 000
000 000 000 000 000 450 450 450 000 260 000 840 000 000 000
000 000 000 000 000 450 450 450 000 260 000 000 000 000 000
000 350 350 350 000 000 000 000 000 000 000 000 000 820 000
350 350 350 350 000 000 000 250 250 000 820 820 820 820 000
350 350 000 350 000 000 000 250 250 000 820 820 820 820 000
350 000 670 000 000 330 000 250 250 000 820 820 820 820 000
000 670 670 000 000 330 330 000 000 000 820 820 820 820 000
000 670 670 000 000 000 330 330 330 330 000 000 000 000 000
000 000 000 000 000 000 330 330 330 330 330 330 000 000 000
000 000 000 000 000 000 330 330 330 330 330 330 000 000 000