15 15
00 00 00 00 00 00 00 00 00 00 00 00 00 00 00
00 00 00 00 00 00 00 00 00 00 00 00 99 00 00
00 00 00 00 00 00 00 00 00 00 00 00 66 00 00
00 00 66 66 66 66 66 66 66 66 66 66 66 00 00
00 00 66 66 66 00 00 00 00 00 66 66 66 00 00
00 00 66 66 66 00 00 66 66 66 66 00 00 00 00
00 00 66 66 66 00 00 66 00 00 00 00 00 00 00
00 00 66 00 66 66 66 66 00 00 00 00 00 00 00
00 00 66 66 66 00 00 66 00 00 00 00 00 00 00
00 00 66 66 66 00 00 66 00 00 00 00 00 00 00
00 00 66 00 66 66 66 66 00 00 00 00 00 00 00
00 11 66 00 00 00 00 00 00 00 00 00 00 00 00
00 00 00 00 00 00 00 00 00 00 00 00 00 00 00
00 00 00 00 00 00 00 00 00 00 00 00 00 00 00