50 50
0 0 0 0 0 0 0 0 0 0 0 0 0 0 0 0 0 0 0 0 0 0 0 0 0 0 0 0 0 0 0 0 0 19 19 19 19 19 19 19 19 19 19 19 0 0 0 0 0 0
0 0 0 0 0 0 0 0 0 0 0 0 0 0 0 0 0 0 0 0 0 0 0 0 0 0 0 0 0 0 0 0 0 19 19 19 19 19 19 19 19 19 19 19 0 0 0 0 0 0
0 0 0 0 0 0 0 0 0 0 0 0 0 0 0 0 0 0 0 0 0 0 0 0 0 0 0 0 0 0 0 0 0 19 19 19 19 19 19 19 19 19 19 19 0 0 0 0 0 0
0 0 0 0 0 0 0 0 0 0 0 0 0 0 0 0 0 0 0 0 0 0 0 0 0 0 0 0 0 0 0 0 0 19 19 19 19 19 19 19 19 19 19 19 0 0 0 0 0 0
0 11 11 11 11 11 11 11 11 0 0 0 0 0 0 0 0 0 0 0 0 0 0 0 0 0 0 0 0 0 0 0 0 0 19 19 19 19 19 19 19 19 19 19 0 0 0 0 0 0
0 11 11 11 11 11 11 11 11 0 0 0 0 0 0 0 0 0 0 0 0 0 0 0 0 0 0 0 0 0 0 0 0 0 19 19 19 19 19 19 19 19 19 19 0 0 0 0 0 0
0 11 11 11 11 11 11 11 11 0 0 0 0 0 0 0 0 0 0 0 0 0 0 0 0 0 0 0 0 0 0 0 0 0 19 0 0 0 0 0 0 0 19 19 0 0 0 0 0 0
0 11 11 11 11 11 11 11 11 0 0 0 0 0 0 0 0 0 0 0 0 0 0 0 0 0 0 0 0 0 0 0 0 0 0 58 58 58 58 58 58 58 0 0 0 0 0 0 0 0
0 11 11 11 11 11 11 11 11 0 0 0 0 0 0 0 0 0 0 0 0 0 0 0 0 0 0 0 0 0 0 0 0 0 0 58 58 58 58 58 58 58 0 0 27 27 27 27 27 27
0 11 11 11 11 11 11 11 11 0 0 0 0 0 0 0 0 0 0 0 0 0 93 93 93 93 93 93 93 0 0 0 0 0 0 58 58 58 58 58 58 58 0 0 27 27 27 27 27 27
0 11 11 11 11 11 11 11 11 0 0 0 0 0 0 0 0 0 0 0 0 0 93 93 93 93 93 93 93 0 0 0 0 0 0 58 58 58 58 58 58 58 0 0 27 27 27 27 27 27
0 11 11 11 11 11 11 11 11 0 0 0 0 0 0 0 0 0 0 0 0 0 93 93 93 93 93 93 93 0 0 0 0 0 0 58 58 58 58 58 58 58 0 0 27 27 27 27 27 27
0 11 11 11 11 11 11 11 11 0 0 0 0 0 0 0 0 0 0 0 0 0 93 93 93 93 93 93 93 0 0 0 0 0 0 58 58 58 58 58 58 58 0 0 0 27 27 27 27 27
0 0 0 0 0 0 0 0 0 0 0 0 0 0 0 0 0 0 0 0 0 0 93 93 93 93 93 93 93 0 0 0 0 0 0 58 58 58 58 58 58 58 0 0 0 27 27 27 27 27
0 0 0 0 0 32 32 32 32 32 32 32 32 32 0 0 0 0 0 0 0 0 93 93 93 93 93 93 93 0 0 0 0 0 0 0 0 58 58 58 0 0 0 0 0 27 27 27 27 27
0 0 0 0 0 32 32 32 32 32 32 32 32 32 0 0 0 0 0 0 0 0 93 93 93 93 93 93 93 0 0 0 0 0 0 0 0 0 0 0 0 0 0 0 0 27 27 27 27 27
0 0 0 0 0 0 32 32 32 32 32 32 32 32 0 0 0 0 0 0 0 0 0 0 0 93 0 0 0 0 0 0 0 0 0 0 0 0 0 0 0 0 0 0 0 27 27 27 27 27
0 0 0 0 0 0 32 32 32 32 32 32 32 32 0 0 0 0 0 0 0 0 0 0 0 0 0 0 0 0 0 0 0 0 0 0 0 0 0 0 0 0 0 0 0 27 27 27 27 27
0 0 0 0 0 0 0 0 0 32 32 32 32 32 0 0 0 0 0 0 0 0 0 0 0 0 0 0 0 0 0 0 0 0 0 0 0 0 0 0 0 0 0 0 0 27 27 27 27 27
53 53 53 53 53 53 53 53 53 0 32 32 32 32 0 0 0 0 0 0 0 0 0 0 0 55 55 55 55 55 55 55 0 0 0 0 0 0 0 0 0 0 0 0 0 0 0 0 0 0
0 53 53 53 53 53 53 53 53 0 32 32 32 32 0 0 0 0 0 0 0 0 0 0 0 55 55 55 55 55 55 55 0 0 0 0 0 0 0 0 0 0 0 0 0 0 0 0 0 0
0 53 53 53 53 53 53 53 53 0 32 32 32 32 0 0 0 0 0 0 0 0 0 0 0 55 55 55 55 55 55 55 55 0 0 0 0 0 0 0 0 0 0 0 0 0 0 0 0 0
0 53 53 53 53 53 53 53 53 0 32 32 32 32 0 0 0 0 0 0 0 0 0 0 0 55 55 55 55 55 55 55 55 0 0 0 0 0 0 0 0 0 0 0 0 0 0 0 0 0
0 53 53 53 53 53 53 53 53 0 0 0 0 0 0 0 0 0 0 0 0 0 0 0 0 55 55 55 55 55 55 55 55 0 0 0 0 0 0 0 0 0 0 0 0 0 0 0 0 0
0 53 53 53 53 53 53 53 53 0 0 0 0 0 0 0 0 0 0 0 0 0 0 0 0 55 55 55 55 55 55 55 55 0 0 0 0 0 0 0 0 0 0 0 0 0 0 0 0 0
0 53 53 53 53 53 53 53 53 0 0 0 0 0 0 0 0 0 0 0 0 0 0 0 0 55 55 55 55 55 55 55 55 0 0 0 0 0 0 0 0 0 0 0 0 0 0 0 0 0
0 53 53 53 53 53 53 53 53 0 0 0 0 0 0 0 0 0 0 0 0 0 0 0 0 55 55 55 55 55 55 55 55 0 0 0 0 0 0 0 0 0 0 0 0 0 0 0 0 0
0 53 53 53 53 53 53 53 53 0 0 0 0 0 0 0 0 0 0 0 0 0 0 0 0 0 0 0 0 0 0 0 0 0 0 0 0 0 0 0 0 0 0 0 0 0 0 0 0 0
0 0 0 0 0 0 0 0 0 0 0 0 0 0 0 65 65 65 65 65 65 65 0 0 0 0 0 0 0 0 0 0 0 0 0 0 0 0 0 0 0 0 0 0 0 0 0 0 0 0
0 0 0 0 0 0 0 0 0 0 0 0 0 0 0 65 65 65 65 65 65 65 0 0 0 0 0 0 0 0 0 0 0 0 0 0 0 0 0 0 0 0 0 0 0 0 0 0 0 0
0 0 0 0 0 0 0 0 0 0 0 0 0 0 0 65 65 65 65 65 65 65 0 0 0 0 0 0 0 0 0 0 0 0 0 0 0 0 0 0 0 0 0 0 0 0 0 0 0 0
0 0 0 0 0 0 0 0 0 0 0 0 0 0 0 65 65 65 65 65 65 65 0 0 0 0 0 0 0 0 0 0 0 0 0 0 0 0 0 0 0 0 0 0 0 0 0 0 0 0
0 0 0 0 0 0 0 0 0 0 0 0 0 0 0 65 65 65 65 65 65 65 0 0 0 0 0 0 0 0 0 0 0 0 0 0 0 0 0 0 0 0 0 0 0 0 0 0 0 0
0 0 0 0 0 0 0 0 0 58 58 58 58 58 0 65 65 65 65 65 65 65 0 0 0 0 0 0 0 0 0 0 0 0 0 0 0 0 0 0 0 0 0 0 0 0 0 0 0 0
0 0 0 0 0 0 0 0 58 58 58 58 58 58 0 65 65 65 65 65 65 65 0 0 0 0 0 0 0 0 0 0 0 0 0 0 92 92 92 92 92 92 92 92 92 0 0 0 0 0
79 79 79 79 79 79 79 0 58 58 58 58 58 58 58 0 0 0 0 0 0 0 0 0 0 0 0 0 0 0 0 0 0 0 0 0 92 92 92 92 92 92 92 92 92 0 0 0 0 0
79 79 79 79 79 79 79 0 58 58 58 58 58 58 58 58 0 0 0 0 0 0 0 0 0 0 0 0 0 0 0 0 0 0 0 0 0 92 92 92 92 92 92 92 92 0 0 0 0 0
79 79 79 79 79 79 79 0 58 58 58 58 58 58 58 58 0 0 0 0 0 0 0 0 0 0 0 0 0 0 0 0 0 0 0 0 0 92 92 92 92 92 92 92 92 0 0 0 0 0
79 79 79 79 79 79 79 0 58 58 58 58 58 58 58 58 0 0 0 0 0 0 0 0 0 0 0 0 0 0 0 0 0 0 0 0 0 92 92 92 92 92 92 92 92 0 0 0 0 0
79 79 79 79 79 79 79 0 58 58 58 58 58 58 58 58 0 0 0 0 0 0 0 0 0 0 0 0 0 0 0 0 0 0 0 0 0 92 92 92 92 92 92 92 92 0 0 0 0 0
79 79 79 79 79 79 79 0 58 58 58 58 58 58 58 58 0 0 0 0 0 0 0 0 0 0 0 0 0 0 0 0 0 0 0 0 0 92 92 92 92 92 92 92 92 0 0 0 0 0
79 79 79 79 79 79 79 0 58 58 58 58 58 58 58 58 0 0 0 0 0 0 0 0 0 0 0 0 0 0 0 0 0 0 0 0 0 92 92 92 92 92 92 92 92 0 0 0 0 0
79 79 79 79 79 79 79 79 0 0 0 0 0 0 0 0 0 0 0 0 0 0 0 0 0 0 0 0 0 0 0 0 0 0 0 0 0 92 92 92 92 92 92 92 92 0 0 0 0 0
0 0 0 0 0 0 0 0 49 49 49 0 0 25 25 25 25 25 25 25 25 25 0 0 0 0 28 28 28 28 28 28 28 28 28 28 28 0 0 0 0 0 0 0 0 0 0 0 0 0
49 49 49 49 49 49 49 49 49 49 49 0 0 25 25 25 25 25 25 25 25 25 0 0 0 0 28 28 28 28 28 28 28 28 28 28 28 0 0 0 0 0 0 0 0 0 0 0 0 0
49 49 49 49 49 49 49 49 49 49 49 0 0 0 25 25 25 25 25 25 25 25 0 0 0 0 28 28 28 28 28 28 28 28 28 28 28 0 0 0 0 0 0 0 0 0 0 0 0 0
49 49 49 49 49 49 49 49 49 49 49 0 0 0 25 25 25 25 25 25 25 25 0 0 0 0 28 28 28 28 28 28 28 28 28 28 28 0 0 0 0 0 0 0 0 0 0 0 0 0
49 49 49 49 49 49 49 49 49 49 49 0 0 0 25 25 25 25 25 25 25 25 0 0 0 0 28 28 28 28 28 28 28 28 28 28 28 0 0 0 0 0 0 0 0 0 0 0 0 0
49 49 49 49 49 49 49 49 49 49 49 49 0 0 25 25 25 25 25 25 25 25 0 0 0 0 28 28 28 28 28 28 28 28 28 28 28 0 0 0 0 0 0 0 0 0 0 0 0 0
49 49 49 49 49 49 49 49 49 49 49 49 0 0 25 25 25 25 25 25 25 25 0 0 0 0 0 28 28 28 28 28 28 28 28 28 28 0 0 0 0 0 0 0 0 0 0 0 0 0
